Point0Sift0.jpg,39,30,28,44,67,39,34,26,88,39,42,26,80,54,35,27,50,39,70,19,16,22,39,31,27,33,42,29,42,28,35,27,34,18,17,44,86,45,32,36,32,30,35,23,39,61,75,28,42,53,104,28,60,70,97,46,41,53,68,25,40,36,50,63,23,24,81,73,82,37,74,38,27,47,73,24,20,28,35,29,80,45,45,37,104,41,40,36,36,33,51,24,25,23,30,31,22,11,29,39,104,36,34,21,49,35,32,29,50,26,27,31,25,32,35,22,21,35,46,22,33,26,35,26,39,32,37,16
Point0Sift0VIP.jpg,32,50,109,109,29,96,85,87,22,41,92,100,23,46,46,47,19,25,57,74,36,33,22,35,34,17,50,56,24,14,26,44,20,34,73,86,29,40,16,19,46,43,30,29,28,32,16,20,59,33,27,53,79,55,31,39,55,31,20,24,39,33,40,47,25,26,29,28,24,24,38,45,52,36,44,48,46,36,31,43,67,36,43,54,54,54,50,47,68,37,36,32,35,40,30,26,32,28,19,20,27,19,15,19,38,30,30,28,47,29,22,28,43,30,36,50,34,24,19,18,21,44,105,73,60,26,22,17
Point0Sift1.jpg,21,25,26,27,48,47,37,16,68,54,89,13,36,45,49,30,15,33,103,16,13,24,51,22,29,38,64,17,34,48,37,30,16,18,21,27,53,45,30,25,27,32,71,16,32,64,92,40,55,40,103,19,79,67,103,40,37,45,75,17,15,29,63,50,13,24,75,42,53,35,52,26,19,43,103,20,20,28,66,28,66,52,71,35,92,55,68,28,33,38,80,21,20,35,56,21,25,15,26,28,95,37,29,22,45,38,37,23,47,28,36,26,22,28,47,19,13,32,51,24,12,16,37,19,24,27,39,16
Point0Sift1VIP.jpg,21,40,114,114,36,43,88,70,33,54,112,98,33,43,49,30,26,30,57,63,44,33,25,31,35,18,43,46,26,12,24,41,30,35,56,45,31,27,25,22,76,35,22,22,45,34,16,18,81,30,24,55,84,51,28,30,70,28,16,23,47,29,32,35,50,28,18,19,40,28,28,23,67,33,44,36,77,38,31,37,94,34,43,48,72,54,48,41,86,30,17,29,53,36,23,20,40,25,18,15,36,22,16,15,54,29,22,24,56,27,20,18,53,30,28,34,38,29,17,18,39,39,82,68,48,26,24,20
Point10Sift0.jpg,3,3,3,3,3,4,3,3,4,4,3,4,4,4,4,4,4,4,4,4,4,5,8,6,3,3,3,3,3,4,4,3,5,5,7,6,4,4,51,22,32,21,11,9,21,13,107,51,15,8,10,11,13,41,107,49,9,6,5,5,14,88,34,14,12,18,56,22,6,10,75,36,92,26,97,45,76,16,107,56,36,44,106,39,21,22,107,57,31,31,24,16,41,99,53,31,27,36,50,28,19,31,102,52,61,76,67,45,60,42,107,58,75,78,57,39,57,55,107,59,55,55,22,28,37,90,54,36
Point10Sift0VIP.jpg,46,47,5,6,31,52,12,9,14,15,7,5,42,86,8,9,4,4,4,4,9,15,5,6,3,2,3,3,3,3,3,3,68,68,23,29,86,106,24,44,45,60,36,49,49,87,47,65,13,8,11,12,53,104,15,22,4,3,4,4,5,6,4,4,68,48,56,60,98,106,29,106,84,106,20,29,75,106,28,44,15,15,10,43,79,78,20,17,4,3,3,12,20,15,4,4,43,36,30,44,71,48,43,94,61,34,21,58,93,88,36,61,14,10,14,81,78,32,17,16,3,2,3,10,11,4,3,3
Point10Sift1.jpg,3,3,4,4,3,3,3,3,4,4,5,4,4,5,4,4,4,4,5,4,4,7,14,10,3,3,4,4,3,7,7,5,5,5,5,5,5,4,26,22,26,23,12,9,15,14,89,75,16,11,11,12,15,41,103,79,10,9,7,6,12,104,47,16,10,12,32,23,8,6,72,61,92,31,70,55,71,21,95,83,38,34,98,62,23,22,104,88,23,36,29,13,26,84,61,34,20,33,57,36,15,21,81,71,48,63,72,57,54,30,104,94,60,80,56,45,59,48,104,75,47,57,21,24,35,72,53,38
Point10Sift1VIP.jpg,41,53,6,6,39,69,15,9,15,15,6,4,38,88,7,7,4,4,4,4,7,11,5,5,3,3,3,3,3,3,3,3,68,65,29,34,84,108,28,55,47,63,29,36,61,108,42,54,14,7,9,11,50,97,15,21,4,4,4,4,4,5,4,4,69,45,54,77,88,90,36,108,84,108,24,33,90,108,33,48,16,13,10,48,89,81,17,14,4,4,4,9,15,11,4,4,42,29,25,43,57,43,41,82,50,23,21,69,98,64,31,58,12,6,10,75,89,28,12,11,3,3,3,5,6,3,3,3
Point10Sift2.jpg,5,4,5,5,4,4,5,5,6,6,6,7,6,6,7,9,7,6,6,6,6,13,26,31,6,5,4,5,6,20,32,11,7,7,6,5,5,6,9,13,19,20,15,10,11,11,50,109,21,14,20,20,15,26,71,109,15,15,21,13,14,56,88,34,10,9,12,15,8,6,38,95,63,52,44,62,47,36,55,109,34,27,84,109,27,21,80,109,29,43,65,36,18,34,89,97,14,14,47,49,9,9,38,69,28,43,65,86,33,24,83,109,32,78,65,52,49,45,86,102,42,70,40,26,27,34,63,49
Point10Sift2VIP.jpg,39,56,7,6,40,71,16,10,16,17,7,5,40,88,8,8,5,5,5,6,8,11,6,6,5,4,4,4,4,4,4,4,65,65,30,33,85,108,32,56,47,65,31,32,59,108,43,51,12,8,10,12,49,100,17,23,5,5,5,6,6,6,5,5,63,44,54,70,84,87,40,108,89,108,27,33,88,108,36,48,16,14,12,55,87,82,17,15,5,5,5,11,15,13,5,5,38,26,29,48,54,43,45,84,46,21,25,81,94,63,32,56,10,8,13,77,81,28,12,11,4,4,4,6,7,4,5,4
Point13Sift0.jpg,14,80,21,6,28,88,28,7,112,29,26,15,84,48,20,15,83,36,50,31,77,46,57,29,33,14,34,16,14,9,50,24,36,78,24,27,45,70,37,27,75,82,44,29,37,100,53,44,112,15,15,18,112,20,23,25,66,13,13,12,31,9,10,13,42,17,9,19,63,27,17,21,83,33,24,33,64,17,13,46,112,22,21,36,112,20,13,23,61,19,20,19,31,9,22,22,59,32,11,10,77,15,7,11,65,15,11,12,62,6,5,13,112,17,10,12,112,12,8,13,49,11,8,7,23,5,5,8
Point13Sift0VIP.jpg,16,9,72,14,10,11,55,29,11,21,60,29,25,24,41,20,49,24,40,76,59,27,31,82,26,5,32,48,32,7,14,46,13,13,68,7,5,11,68,16,29,35,65,19,17,48,82,36,59,30,44,85,76,44,88,66,25,18,89,30,24,14,111,22,14,14,111,15,7,13,111,22,20,33,111,30,13,21,111,29,18,22,111,28,25,29,111,24,50,40,81,38,64,39,83,36,10,9,26,6,5,8,50,13,17,17,27,9,17,19,60,21,15,15,27,9,12,16,61,18,30,20,13,12,44,30,33,17
Point13Sift1.jpg,12,64,32,5,29,71,37,7,111,30,29,22,89,39,24,17,83,42,37,32,79,44,45,33,32,11,18,14,10,8,26,23,32,88,44,19,46,79,50,24,83,79,54,33,36,98,69,47,111,18,15,19,111,25,21,29,58,15,13,13,26,8,10,14,41,20,11,21,62,33,24,23,91,44,30,38,68,22,19,53,111,27,22,34,111,25,12,23,54,20,18,18,28,8,18,22,45,23,10,8,67,14,8,10,77,17,11,14,72,10,6,13,104,19,12,12,109,14,8,13,45,12,8,7,25,5,4,7
Point13Sift1VIP.jpg,15,16,67,12,9,15,55,24,12,21,53,25,25,22,36,18,53,21,34,75,63,26,24,81,30,6,7,42,34,8,7,43,15,20,67,5,5,18,67,14,32,44,71,21,24,55,84,36,71,40,57,94,83,55,91,73,22,26,107,20,19,24,107,17,16,23,101,8,7,22,107,15,21,40,107,19,13,33,107,23,27,36,107,30,32,45,107,22,46,39,71,32,51,40,90,28,10,8,14,4,4,9,38,12,16,14,18,8,15,20,50,20,14,13,19,10,14,20,55,17,29,19,14,13,44,29,35,20
Point13Sift2.jpg,57,43,19,7,59,43,16,8,72,64,33,39,50,52,46,26,53,58,29,35,42,43,43,45,29,23,12,11,7,11,16,16,33,62,101,12,36,72,104,13,84,66,64,35,40,58,96,37,104,80,15,20,104,82,20,26,35,32,19,21,19,14,14,19,31,35,38,15,45,48,47,26,87,63,47,34,65,43,34,46,77,65,26,28,91,66,14,18,50,44,17,18,39,30,13,18,17,25,27,6,21,22,17,9,74,52,14,12,91,54,10,12,45,41,19,15,40,30,9,12,54,43,12,11,52,37,7,9
Point13Sift2VIP.jpg,19,20,63,17,11,20,58,32,12,19,45,25,21,21,31,20,38,21,35,72,49,29,26,77,28,7,6,54,33,10,10,52,15,27,76,6,7,23,72,15,28,47,84,23,23,59,85,37,59,39,63,102,68,53,84,82,20,28,98,24,18,28,103,22,14,24,82,7,7,24,93,15,21,42,105,16,15,37,105,21,26,39,105,28,30,49,105,21,41,38,75,28,46,42,95,22,8,27,45,4,4,10,41,12,15,21,38,13,14,21,60,24,13,14,33,13,14,23,65,19,25,18,22,17,37,31,42,26
Point13Sift3.jpg,12,55,39,5,28,58,40,7,110,29,29,22,107,29,21,19,87,40,26,24,73,42,33,21,33,9,8,8,11,7,10,14,24,98,63,15,34,89,64,19,90,73,60,31,40,92,80,46,110,15,14,21,110,20,21,30,48,16,13,15,21,9,10,15,41,29,15,24,62,39,31,27,93,44,32,39,66,20,22,59,110,27,22,32,110,22,12,22,43,19,16,19,20,9,17,23,46,14,6,8,71,10,8,11,76,17,11,14,66,7,7,16,103,17,11,14,109,12,8,15,34,11,8,8,16,4,5,9
Point13Sift3VIP.jpg,9,38,66,4,5,27,52,12,14,33,54,25,28,29,38,21,61,17,30,91,73,24,17,97,30,5,4,44,35,10,8,46,19,35,57,4,7,37,69,10,37,56,74,19,30,76,82,35,86,54,62,103,92,74,84,88,17,41,81,14,16,41,83,18,20,32,54,4,8,34,68,9,26,51,91,9,19,50,98,17,38,52,93,31,42,68,103,23,29,41,73,25,33,49,95,20,10,10,14,3,4,11,33,13,19,13,12,12,19,22,40,24,16,12,12,14,22,29,44,18,19,16,16,13,30,26,37,20
Point13Sift4.jpg,16,83,53,10,13,87,50,12,107,45,42,40,107,41,28,40,57,34,29,32,28,32,41,38,23,12,10,12,8,9,13,21,26,107,85,26,30,107,86,30,88,107,76,37,38,107,94,66,41,18,25,32,30,19,31,49,25,26,24,22,10,13,23,28,49,39,32,38,67,53,47,44,101,57,49,52,62,33,35,89,25,20,38,45,31,15,26,39,29,26,25,23,12,16,28,32,61,19,13,24,80,19,15,24,76,21,17,26,52,13,13,33,24,15,20,24,23,11,16,26,24,17,12,10,7,7,8,14
Point13Sift4VIP.jpg,11,77,34,5,9,69,37,10,23,69,34,25,35,55,29,22,88,19,14,104,105,23,11,101,36,8,3,40,88,18,7,34,32,33,13,5,22,41,22,12,58,68,30,27,56,97,47,38,106,63,31,101,106,87,46,103,17,25,14,26,106,34,16,13,27,14,5,6,16,24,20,16,41,28,11,9,34,38,23,19,61,60,32,30,72,95,46,26,15,45,26,32,106,60,31,7,16,12,7,6,7,9,11,13,26,11,7,20,23,15,17,30,31,12,5,29,56,31,18,31,14,6,2,32,106,13,7,10
Point13Sift5.jpg,14,39,50,8,24,36,43,11,109,33,34,36,109,23,23,28,40,20,20,30,22,16,26,34,28,14,9,12,8,6,8,16,18,96,109,18,21,94,109,20,109,76,88,42,46,88,109,62,41,12,20,44,35,14,23,59,26,29,30,38,13,13,26,47,45,44,52,39,56,57,68,48,109,59,56,63,74,36,37,89,29,15,28,60,33,14,17,49,30,20,18,25,10,8,15,34,41,15,12,12,60,19,18,14,106,22,15,22,82,15,11,31,25,14,15,24,28,11,9,29,20,13,11,13,6,4,6,15
Point13Sift5VIP.jpg,11,84,44,4,6,74,44,9,22,72,42,29,36,59,33,21,83,24,18,105,97,27,11,105,44,9,3,51,56,21,7,53,32,35,14,4,19,45,26,10,54,70,35,26,50,105,53,39,105,65,36,105,105,96,52,105,29,37,22,14,34,47,24,20,26,16,5,4,15,24,21,14,45,34,12,9,38,42,21,17,62,62,33,31,67,98,49,25,29,77,49,19,39,96,63,17,13,11,7,6,6,8,11,15,27,10,6,23,26,19,20,34,30,14,5,21,45,37,21,26,34,16,4,13,44,31,15,18
Point13Sift6.jpg,12,47,53,7,10,45,46,10,107,26,35,42,107,22,20,37,69,12,13,33,23,11,14,35,22,13,10,17,8,6,9,20,17,94,105,21,17,87,99,22,87,77,78,33,39,93,106,65,48,11,17,55,36,15,21,72,24,24,26,40,13,14,25,48,49,48,49,59,59,52,71,56,107,62,52,70,69,34,36,93,25,10,20,66,31,9,13,56,27,17,15,24,11,9,14,35,47,14,15,22,66,22,19,20,107,16,13,32,66,14,9,45,22,10,12,29,23,6,9,28,17,13,10,11,7,4,6,14
Point13Sift6VIP.jpg,16,61,8,2,11,80,14,5,35,105,20,24,39,105,16,17,88,29,10,100,102,27,8,102,46,8,2,43,67,23,5,43,40,29,5,3,26,36,11,7,62,58,14,21,59,105,26,32,104,66,15,105,105,91,25,105,39,24,5,12,56,37,8,18,19,9,2,5,12,18,11,15,44,28,5,8,42,38,13,14,57,87,20,25,62,105,28,19,30,97,21,13,44,105,26,12,12,49,16,6,5,39,18,12,24,16,6,21,25,20,13,29,34,15,5,16,54,36,13,19,35,23,7,12,48,41,15,15
Point3Sift0.jpg,4,5,6,11,49,107,36,7,18,28,20,5,11,13,5,13,21,19,3,5,29,40,9,14,1,1,1,6,16,16,2,1,3,1,3,15,76,134,43,4,14,47,23,9,53,134,30,9,102,86,12,1,36,64,14,26,5,3,3,6,45,84,5,3,3,2,2,14,39,39,12,4,16,22,7,102,134,117,20,17,134,41,5,5,19,45,29,111,21,2,1,1,27,134,24,19,3,16,7,7,72,6,2,8,17,10,2,19,134,42,18,6,134,22,2,3,10,19,16,44,21,1,1,9,39,75,5,6
Point3Sift0VIP.jpg,2,3,4,8,30,15,2,2,7,7,18,49,130,62,0,1,30,19,5,8,23,8,14,13,21,6,3,14,3,1,8,19,2,3,48,130,31,4,2,1,13,12,71,130,130,27,11,7,104,31,1,12,33,12,23,55,20,2,4,28,65,13,13,18,8,3,25,130,47,24,5,5,72,16,32,50,29,42,66,104,54,4,1,22,70,31,69,130,7,2,4,51,87,7,3,7,11,4,5,28,12,11,8,104,17,2,2,6,15,15,59,130,2,0,1,22,130,28,35,38,4,5,4,17,92,10,0,0
Point3Sift1.jpg,5,8,13,5,38,45,20,3,16,25,29,2,2,1,1,8,25,21,4,2,123,68,2,12,123,22,0,1,71,45,2,9,2,2,2,6,56,123,63,2,13,25,17,2,18,114,47,9,91,58,13,1,56,98,11,35,90,7,0,0,64,123,34,32,3,1,0,4,14,40,26,4,7,10,8,58,123,110,31,12,123,31,10,7,22,33,19,85,28,1,0,0,18,123,44,21,1,10,8,9,28,4,5,5,7,4,4,21,123,30,14,5,123,29,5,3,9,14,19,25,35,4,0,9,20,47,8,4
Point3Sift1VIP.jpg,0,1,2,3,23,12,3,2,5,2,7,45,124,48,1,2,27,27,2,10,13,6,7,9,10,4,1,29,6,1,7,18,0,2,27,68,16,8,2,1,7,6,42,103,124,37,6,4,55,17,1,19,36,9,26,45,18,2,7,124,55,3,12,31,2,4,35,124,20,12,5,9,38,18,37,70,30,26,64,106,30,4,0,60,118,25,76,110,7,0,1,124,124,13,31,115,12,5,5,22,9,5,6,99,9,1,4,7,21,14,43,124,1,0,1,29,124,30,24,22,2,1,1,10,53,18,23,39
Point3Sift2.jpg,17,9,14,12,22,23,9,5,12,16,23,6,2,2,3,8,34,20,8,4,96,31,3,16,8,9,21,22,120,66,60,15,6,6,18,17,25,124,115,4,13,23,30,8,15,93,57,13,84,64,22,4,45,59,22,56,30,17,4,6,124,124,25,13,4,4,3,4,9,47,45,5,13,15,15,54,124,115,54,15,124,45,21,9,24,40,39,68,26,3,1,4,35,124,57,9,2,17,21,9,17,8,7,3,7,8,10,15,124,30,15,4,124,38,8,4,15,15,23,18,28,6,4,16,14,37,14,2
Point3Sift2VIP.jpg,13,5,2,3,17,12,4,4,6,15,16,34,119,57,3,5,14,23,7,8,20,8,7,12,4,2,1,4,3,3,9,12,21,16,16,40,17,12,3,3,10,9,45,93,119,51,9,8,43,24,4,18,41,17,31,37,13,13,22,119,15,4,18,29,10,15,40,119,19,8,5,14,40,13,40,92,41,36,64,119,30,6,7,96,116,30,72,97,13,13,26,119,89,49,14,22,28,14,10,14,49,23,13,93,11,4,13,12,29,9,25,119,1,1,7,73,119,31,9,17,6,1,13,91,52,15,13,93
Point7Sift0.jpg,32,23,23,8,56,74,80,24,18,44,16,5,19,86,22,8,13,19,3,5,17,30,5,5,15,8,5,5,9,5,5,6,124,15,4,8,124,62,12,17,89,67,3,3,124,124,6,6,37,26,2,5,52,36,2,2,11,10,8,4,11,9,8,4,124,38,94,31,124,28,39,12,84,41,54,23,124,42,19,9,30,18,8,13,59,14,13,10,14,9,11,6,14,9,8,5,116,16,44,15,124,44,73,23,51,22,38,20,124,40,54,22,15,8,6,10,32,9,8,11,6,5,6,4,7,7,8,4
Point7Sift0VIP.jpg,56,36,19,24,37,32,59,79,13,10,68,115,17,8,99,115,37,17,34,110,114,46,39,52,13,6,7,11,23,9,9,10,72,65,79,109,105,69,75,83,51,40,94,115,25,9,55,115,28,2,15,115,62,5,13,86,16,4,6,24,21,4,7,18,12,13,79,107,30,21,34,37,21,16,50,76,14,17,18,38,8,3,18,49,9,5,8,40,8,5,7,15,9,7,9,18,6,8,15,17,5,11,6,7,7,5,8,12,9,7,6,7,12,7,8,10,9,7,8,12,9,5,7,7,7,5,5,9
Point7Sift1.jpg,21,35,38,7,25,95,76,11,6,47,11,1,7,75,17,2,8,21,5,4,11,29,6,4,7,9,9,4,5,5,10,5,119,47,7,1,119,119,28,9,27,83,2,2,94,119,10,1,24,36,2,4,37,46,3,2,9,11,8,3,8,9,6,4,119,35,58,10,119,24,4,1,38,41,54,12,119,97,3,3,26,25,9,13,66,28,11,11,8,8,10,5,11,10,8,4,69,29,91,12,69,49,115,14,30,25,97,18,107,59,119,11,20,15,6,7,52,19,9,13,3,3,5,4,7,7,6,4
Point7Sift1VIP.jpg,93,43,52,50,91,46,57,54,27,13,99,91,11,2,94,81,40,13,49,115,115,29,51,54,22,7,5,15,39,9,8,10,86,47,76,77,115,51,64,57,66,37,114,115,33,7,52,81,23,1,24,115,72,4,15,87,17,3,4,27,23,4,3,20,13,13,91,88,35,15,26,19,20,16,68,74,17,14,17,36,6,4,19,54,9,4,9,40,9,6,7,15,9,7,8,17,7,7,10,9,6,6,5,3,9,5,7,11,10,6,6,6,12,6,6,7,9,5,7,9,10,4,4,4,8,5,4,5
Point7Sift2.jpg,13,25,30,6,17,68,62,12,7,39,13,2,8,59,18,4,10,21,4,4,12,25,6,3,8,9,7,4,5,5,7,4,104,69,11,1,110,117,30,13,33,98,5,2,68,117,10,1,20,37,3,3,29,48,5,2,8,10,7,4,8,10,6,4,117,67,54,9,117,62,9,2,68,68,50,10,117,117,4,2,26,31,10,8,58,36,10,8,8,8,7,5,12,11,6,3,76,45,82,12,59,60,97,18,54,42,90,14,104,84,111,17,24,20,8,5,58,34,10,14,4,4,4,4,8,9,6,4
Point7Sift2VIP.jpg,56,21,16,20,35,25,58,75,15,6,65,98,5,3,107,119,33,9,40,119,98,34,52,64,15,5,5,20,29,9,9,12,88,46,76,111,111,50,72,82,48,24,108,119,12,3,62,119,21,2,20,119,48,4,18,99,14,3,6,32,20,3,6,23,16,11,74,104,37,16,36,34,19,13,57,80,11,11,18,39,6,3,17,52,8,3,10,38,7,4,7,16,7,5,8,18,5,6,12,16,5,7,6,6,7,5,9,13,8,5,6,8,9,5,8,8,7,5,7,10,7,4,6,6,6,4,4,7
Point7Sift3.jpg,25,27,41,10,53,92,93,22,13,49,18,4,15,93,25,8,11,23,5,4,16,30,8,5,13,9,8,7,10,7,8,7,123,14,5,20,123,72,14,35,62,74,5,4,123,123,9,7,38,34,4,6,55,45,4,3,12,11,9,6,11,11,10,7,123,28,86,34,120,18,28,25,53,34,60,30,123,45,15,9,35,18,12,17,66,19,13,14,11,10,14,8,12,11,11,6,94,19,62,19,85,44,89,35,27,21,58,32,123,48,66,21,15,10,9,14,35,10,9,14,5,5,9,5,6,9,10,5
Point7Sift3VIP.jpg,72,46,64,57,61,59,84,62,30,20,97,92,28,19,103,80,34,17,32,72,110,54,41,29,18,9,6,7,23,10,7,8,54,44,99,89,89,49,90,70,71,54,110,110,63,23,68,85,36,4,21,110,91,8,19,68,21,8,6,14,24,9,6,12,10,15,106,90,22,18,31,23,21,21,64,76,20,18,20,31,11,6,16,51,13,7,8,36,11,8,8,11,10,9,10,13,7,9,13,10,7,9,5,5,11,8,7,9,11,8,6,6,14,9,6,6,12,9,7,8,10,7,6,5,8,6,6,6
Point7Sift4.jpg,50,15,17,10,53,128,65,44,12,49,8,3,25,131,21,4,12,23,5,6,18,41,8,5,8,10,10,6,5,10,13,8,123,3,2,14,78,55,10,30,22,39,9,13,131,131,7,2,45,38,6,8,65,45,6,4,10,10,8,7,13,11,8,6,95,10,47,10,40,3,1,17,56,23,29,35,131,51,5,12,47,20,14,27,84,24,16,18,6,8,16,12,11,9,13,8,28,28,131,7,14,33,131,16,60,18,118,57,131,41,53,20,20,11,12,19,41,14,12,16,4,5,9,7,7,8,11,7
Point7Sift4VIP.jpg,87,59,82,41,96,62,67,26,33,22,115,55,20,12,115,49,31,15,54,68,115,51,65,19,25,7,3,7,33,11,3,5,81,54,97,44,115,63,57,22,85,65,115,115,61,20,43,34,26,3,25,115,107,9,8,42,18,6,5,16,22,9,4,12,10,21,115,59,26,14,40,17,20,27,87,68,24,15,23,30,11,7,20,54,16,7,8,35,12,10,5,10,11,10,6,11,8,8,6,5,7,6,3,3,10,9,6,6,12,9,5,4,16,9,4,5,13,9,6,6,12,8,3,3,10,9,4,4
Point9Sift0.jpg,16,49,53,12,13,36,43,8,21,56,56,15,14,43,52,10,46,40,40,20,56,51,45,12,44,29,24,12,30,32,34,11,55,55,43,43,54,48,40,20,67,103,69,33,51,75,64,23,32,74,87,26,34,73,74,16,19,63,63,13,14,45,51,11,47,37,26,42,78,37,26,21,103,77,24,21,71,49,22,26,76,61,37,38,78,79,34,37,55,59,35,20,50,53,33,17,35,17,18,21,63,25,16,16,74,33,22,17,33,21,21,27,61,43,35,22,94,23,19,29,66,33,22,15,64,26,18,18
Point9Sift0VIP.jpg,9,32,27,12,10,45,37,13,15,58,51,20,12,46,43,18,21,82,52,29,17,43,53,28,12,45,67,26,11,42,59,24,12,45,48,22,19,53,55,36,15,49,68,30,16,80,104,33,29,65,82,44,16,61,104,48,27,27,34,83,12,27,48,80,10,57,78,19,11,49,71,23,32,55,83,55,19,52,73,47,29,27,44,104,13,27,52,103,20,16,26,57,11,13,38,65,14,27,38,40,11,26,44,41,17,14,27,76,10,17,45,86,17,12,25,59,13,14,35,60,11,45,50,39,9,43,45,21
Point9Sift1.jpg,17,42,57,17,15,34,52,11,24,49,59,20,18,42,63,15,34,40,46,21,53,49,57,15,56,31,26,14,33,35,49,14,43,60,66,42,44,52,57,20,55,98,85,31,44,68,83,26,31,66,99,29,33,63,94,17,17,57,73,19,14,42,65,14,42,42,30,43,60,37,25,20,103,82,29,21,62,52,26,27,63,48,47,37,54,65,50,41,46,62,38,23,51,69,39,22,37,15,15,21,55,23,14,18,75,32,26,17,32,23,23,29,46,39,47,22,47,28,26,29,42,29,25,16,73,21,12,19
Point9Sift1VIP.jpg,10,29,19,13,13,55,28,16,17,61,37,16,16,61,34,15,29,80,38,31,19,41,36,34,15,53,61,35,15,45,47,30,17,49,34,22,19,51,39,43,17,48,51,31,20,92,78,34,37,64,67,53,19,67,103,60,28,24,30,83,14,26,41,84,14,67,68,21,15,61,58,25,35,50,72,68,24,54,57,59,30,29,38,103,16,28,50,103,20,24,30,65,17,26,38,57,16,35,41,46,15,45,41,48,18,13,26,74,14,16,42,84,17,29,34,73,14,36,40,50,10,72,47,25,9,56,33,18
Point9Sift2.jpg,25,35,50,20,24,33,59,15,20,40,57,23,19,34,64,19,35,43,49,24,45,58,72,19,27,34,36,16,14,24,50,16,33,58,80,38,33,47,75,17,40,90,102,34,34,56,102,22,29,53,96,36,32,53,103,21,22,47,78,29,17,37,73,17,31,46,41,35,66,48,32,18,71,103,38,18,46,70,29,21,60,59,51,31,40,56,50,32,40,57,35,25,43,88,42,21,25,23,24,20,48,42,25,15,61,46,19,15,39,33,18,20,44,44,43,20,25,26,33,26,32,37,43,17,55,38,12,16
Point9Sift2VIP.jpg,11,31,19,12,15,52,30,14,17,64,41,16,16,55,34,16,24,86,44,26,17,43,38,29,13,104,104,25,14,90,69,20,16,50,38,21,20,56,45,33,18,51,54,27,20,95,81,28,33,74,68,36,17,71,103,42,26,34,42,64,12,37,50,60,16,60,66,22,16,57,57,22,30,48,71,55,20,51,59,49,26,31,52,87,14,32,65,87,19,17,34,55,13,20,45,57,14,22,34,45,11,26,41,47,17,14,33,59,12,18,48,66,17,28,41,56,13,35,42,42,12,62,49,27,10,51,33,18
